stu1 97 122 84 81
stu10 149 48 9 97
stu100 95 99 128 56
stu101 57 22 52 74
stu102
stu103 111 52 5 100
stu104
stu105 49
stu106 154 4 55
stu107 61
stu108 11 104 145 57
stu109 51 13 101
stu11 99 127 133 151
stu110 152 116 111 108
stu111 38 124 67 146
stu112 145 111 69 11
stu113 95 72 133 108
stu114 134
stu115 114 141 154 60
stu116 77 56 122 154
stu117 35 36 99 68
stu118 131 58 71 11
stu119 86 105 106 63
stu12 66 86 15 98
stu120 101 9 142 10
stu121 95 124 51 93
stu122 57 136 50 145
stu123 147 146
stu124
stu125
stu126 16 101 134 125
stu127 44 64 46
stu128 40 117 71 56
stu129 17 48 96 120
stu13 8 20 130 89
stu130 121 60 14 38
stu131 97 134 14 131
stu132 30 76
stu133 60 151 43
stu134
stu135 152 95 137 133
stu136 41 113 45
stu137 23 149
stu138 122 110 119 14
stu139
stu14 92 131 125 23
stu140 70
stu141 121 68 67 115
stu142 24 155 120 4
stu143 109 152 149 14
stu144 82 123 62 12
stu145 11
stu146 109 82
stu147 99
stu148 122 155 148 53
stu149 62 6 121 22
stu15 110 42 61 38
stu150 73 103 109 101
stu151 24 112 66 73
stu152 39 148 51 138
stu153 30
stu154 155
stu155 148 53 67 80
stu156 53 120 144 129
stu157
stu158 112 141 29 129
stu159
stu16 55
stu160 38 128 55 28
stu161 116 20 105 28
stu162 146 47 30 102
stu163 95 16 139 82
stu164 19 5 38 14
stu165 127 136 103 109
stu166 148 146 15 48
stu167 100
stu168 37 7
stu169 2 127 91 140
stu17
stu170
stu171 125 151 87
stu172 129 64 61 144
stu173
stu174 21 52 45 36
stu175 152 38 56
stu176 43 41 81
stu177 32 4 59 118
stu178 7 58
stu179 150 80 68 14
stu18 101 139 40
stu180 105
stu181
stu182 62
stu183 49 141 145 107
stu184 31 81 127 102
stu185 140 96 39 19
stu186 133 123 110
stu187 146 133 41 64
stu188 18 92 150 36
stu189 136 84 31 92
stu19 14 151 18 102
stu190 100 122 49 39
stu191 8 23 131 46
stu192 51 146 130 5
stu193 25
stu194 35 83 84 151
stu195 96
stu196 136 5
stu197 34
stu198
stu199 21
stu2 129 38 39 153
stu20 110 77 111
stu200 106 47 119 1
stu201 15 97 106 149
stu202 17 129 128 138
stu203 138 17 96 14
stu204 112 20 18 85
stu205 16 105 93 130
stu206
stu207 107 73
stu208 112 41 129 84
stu209 98
stu21 22 122 141 83
stu210 153 116 33 15
stu211 154 152 117 58
stu212 46 154 18 143
stu213 98 61
stu214 129 9 3
stu215 147 12 125 153
stu216 138 117
stu217 143
stu218 65 116 35 82
stu219 92 146 131 155
stu22 125 104 23 118
stu220 60
stu221 44 21 20 135
stu222 35 117 101 133
stu223 43 121 77 137
stu224 113
stu225 34
stu226 29
stu227 152 24 84 16
stu228 68 18 86 13
stu229 28 56 82 71
stu23 81
stu230 118 28 17 81
stu231 46 114 37
stu232 53 60 124 131
stu233 33 127 63 116
stu234 32 29 94 117
stu235 88 111 63 15
stu236 67 99 21 50
stu237 7 95 104 44
stu238 37 63 31 128
stu239 70 5 132 133
stu24 147 62 90 153
stu240 53 9 115 146
stu241
stu242 41 63
stu243 114
stu244 112 66
stu245 144 56 9 87
stu246 95 139 9 55
stu247
stu248 11 122 81 102
stu249 5
stu25 100 12
stu250 137
stu251 36 77
stu252 76 138 114
stu253 54 118
stu254 43 17
stu255 38 94 22 65
stu256 110 46 29
stu257 82 143
stu258 151 79 103 76
stu259 106 130 92 98
stu26
stu260 136 107 151 146
stu261 113 150 101
stu262 28 56 105 23
stu263 50 72 118
stu264
stu265 126 102 17 62
stu266 151 9 117
stu267 124 71 149
stu268 52 31 7 123
stu269 137 139 124 99
stu27 100 86
stu270 43 26 143 6
stu271 30 131 124 46
stu272 101 41 12
stu273 133 153 37 126
stu274 20 144 31
stu275 83 7 62 19
stu276 17 28
stu277 87 155 131 22
stu278 134 122 52 113
stu279 18
stu28
stu280
stu281 60 40 39 89
stu282 78 105 85 143
stu283 118 41 74
stu284 52 38 150 103
stu285 113 87 18 73
stu286 11
stu287 57 52 151 62
stu288 54 140 56
stu289 130 34 101 15
stu29 148
stu290 129 66 98 90
stu291
stu292 19 54
stu293
stu294 16 24
stu295 105 13
stu296 66 145 60 8
stu297 40 34 126 74
stu298 57 59 64 108
stu299 77 83 67 141
stu3 128 53 132 112
stu30 77
stu300 127 123 76 139
stu301 15 55 19 143
stu302 46 54 61 72
stu303 140 112 28 111
stu304 71 134 55 135
stu305 89 23 135 122
stu306 32 93 97 107
stu307 103 122 98
stu308
stu309 124 26 127 151
stu31 49 78
stu310 90 34 81 144
stu311 100 44 2 47
stu312 131 78 103 39
stu313 112 108 151 21
stu314 71
stu315 155 135 67 93
stu316
stu317
stu318 36
stu319 125 62 99
stu32 36 12 39 100
stu320 139 124 50 122
stu321 58 121 114 91
stu322
stu323 35 7 102
stu324
stu325 83 151 107 26
stu326 1
stu327 74 152 77 9
stu328
stu329 76 3 89 136
stu33 105 30 78 124
stu330
stu331 41 119 89 8
stu332 73 24 3
stu333 155 112 72 143
stu334 117 62 19 104
stu335 21 38 84 128
stu336 6 17 136 128
stu337 143 135 105 77
stu338 44 149 133
stu339 42 134 140 80
stu34 31 112 92 129
stu340 129 42 150 147
stu341 98 12 149 26
stu342 51 31 123 153
stu343
stu344 59 36 21 48
stu345 44 149 1 124
stu346 129 132 76 88
stu347 140
stu348 99 8 139 96
stu349 60 47 15 85
stu35 52 29 32 10
stu350 40 120 95
stu351 111 86 94 78
stu352 20 18 152 62
stu353
stu354 154 43 30 138
stu355 95 9 151 110
stu356 70 116
stu357 124 54 56 63
stu358 76 82 148 73
stu359 65 124 1 47
stu36 75 114 56 52
stu360 23
stu361 26 147
stu362
stu363 120 20 54
stu364 95 97 143 134
stu365 19 102 53 65
stu366 75 110 90 94
stu367 82 52 105 103
stu368 132 127 80 28
stu369 44 14 25 30
stu37 105
stu370 20 92 125 129
stu371 144 148 139 41
stu372 119
stu373 81 102 38 30
stu374 90 128 142 137
stu375 80
stu376 8 90 113 133
stu377 149 121
stu378 46 63
stu379 8 104 29 12
stu38 144 155 113 149
stu380 12 102 72 153
stu381 72 45 41 18
stu382 29 26 17 108
stu383 47 102 57 36
stu384 151 81 74
stu385 1 23 19 152
stu386 118 8 70 35
stu387 119 73 16 126
stu388 131 155 82
stu389 51 5 142 107
stu39 141 65
stu390 32 69 87 72
stu391 3 73 74 21
stu392 75 139 43 144
stu393 136 107
stu394 113
stu395 117 57 23 104
stu396 29 102 44 115
stu397 128 117 57 47
stu398 92 121 88 101
stu399 72 82 150 95
stu4 119 33 136 148
stu40 72 61 111
stu400 72 52
stu41 17 26 29 15
stu42 41 89 115 96
stu43 109 45 81 60
stu44 150 15 9 74
stu45 75 60 39
stu46 72 53 116 149
stu47 116 11 20 145
stu48 21 30 81 103
stu49 33 56 137 80
stu5 31 127
stu50 113 74 96 121
stu51 70 7 141 75
stu52 74
stu53 34 117 53 73
stu54 40 69
stu55 154 9 76 79
stu56 33 119
stu57 33 127 63 108
stu58
stu59 154 33 99 18
stu6 124 78 33 8
stu60
stu61 80
stu62 109 154 25 72
stu63 70 105 90 99
stu64 48 47 121 135
stu65 104
stu66 2 65 141 109
stu67 151
stu68 61 89 121 52
stu69 84
stu7
stu70 133 154 78 65
stu71 8 13 78 92
stu72 40 93
stu73 107 20 13 106
stu74 102 133 89 34
stu75 94 117 15 101
stu76 147 99 38 56
stu77 45 69 122 136
stu78 128 40 152 52
stu79 138 32 143 104
stu8 43 134 155 81
stu80 121
stu81 94 45 111 6
stu82 102 71 42 3
stu83 86 38 81 33
stu84 53 39 62 16
stu85 99 120
stu86 32
stu87 46 102 146
stu88 28 70 145 36
stu89 71 88 43 118
stu9 19
stu90 108
stu91 60 80 116 114
stu92 28 146 151 99
stu93 97 112 101 88
stu94 141 82
stu95 122 12 17 9
stu96 137 84 110 73
stu97 106 132 144 33
stu98
stu99 46